Spawn:
  world: lobby
  x: 0.5532092
  y: 65.0
  z: 0.49356583
  yaw: 178.60681
  pitch: 6.699875
